[[  2  37  50  53  73  77  87  91 137 141 168 187 218]
 [  4  10  34  55  64  76  93 104 140 146 220   0   0]
 [ 15  22  32  62 102 153 180 204 207   0   0   0   0]
 [ 26  31  95 115 193 199 210   0   0   0   0   0   0]
 [ 36  80 111 126 179 206 217   0   0   0   0   0   0]
 [  6  19  66  90 129 163   0   0   0   0   0   0   0]
 [ 13  60  72 108 151 203   0   0   0   0   0   0   0]
 [ 29  57 101 117 214   0   0   0   0   0   0   0   0]
 [ 40  47 156 164 171   0   0   0   0   0   0   0   0]
 [  5  56  94 149   0   0   0   0   0   0   0   0   0]
 [ 84  96 175 177   0   0   0   0   0   0   0   0   0]
 [ 46 136 155   0   0   0   0   0   0   0   0   0   0]
 [112 144 215   0   0   0   0   0   0   0   0   0   0]
 [131 143 201   0   0   0   0   0   0   0   0   0   0]
 [  1  86   0   0   0   0   0   0   0   0   0   0   0]
 [  8  61   0   0   0   0   0   0   0   0   0   0   0]
 [ 11  89   0   0   0   0   0   0   0   0   0   0   0]
 [ 12 150   0   0   0   0   0   0   0   0   0   0   0]
 [ 14 152   0   0   0   0   0   0   0   0   0   0   0]
 [ 18 139   0   0   0   0   0   0   0   0   0   0   0]
 [ 39  48   0   0   0   0   0   0   0   0   0   0   0]
 [ 43 170   0   0   0   0   0   0   0   0   0   0   0]
 [ 52 221   0   0   0   0   0   0   0   0   0   0   0]
 [ 67  98   0   0   0   0   0   0   0   0   0   0   0]
 [ 81 197   0   0   0   0   0   0   0   0   0   0   0]
 [ 97 213   0   0   0   0   0   0   0   0   0   0   0]
 [103 107   0   0   0   0   0   0   0   0   0   0   0]
 [118 120   0   0   0   0   0   0   0   0   0   0   0]
 [165 172   0   0   0   0   0   0   0   0   0   0   0]]
